     0/499     5.44G    0.1099   0.06521   0.02841    0.2036        71       640  0.002255    0.1607 0.0008523 0.0003147    0.1068   0.05005   0.02701
     1/499     5.41G    0.1073   0.06135   0.02768    0.1963        54       640  0.003247    0.1964  0.004181 0.0009001    0.1033   0.05205   0.02683
     2/499     5.41G    0.1042   0.07012   0.02759     0.202        79       640  0.008007    0.6071  0.008812   0.00104   0.09997   0.05398   0.02664
     3/499     5.41G    0.1041   0.06899   0.02772    0.2008        73       640  0.009019    0.6429  0.008841 0.0009019   0.09659   0.05598   0.02648
     4/499     5.41G     0.102    0.0604   0.02745    0.1898        52       640  0.008912    0.6429  0.009193  0.001246   0.09333   0.05794   0.02637
     5/499     5.41G   0.09736   0.06817   0.02716    0.1927        61       640  0.009019    0.6429   0.01194  0.002535   0.09046   0.05971   0.02619
     6/499     5.41G   0.09416    0.0687    0.0268    0.1897        55       640  0.009019    0.6429   0.01806  0.006228   0.08764   0.06147     0.026
     7/499     5.41G   0.09333   0.08529   0.02699    0.2056        91       640  0.008971    0.6429   0.01007  0.002109   0.08535   0.06292   0.02585
     8/499     5.41G   0.09536   0.06611   0.02661    0.1881        67       640  0.009857    0.6429   0.01407  0.003137    0.0838   0.06388   0.02568
     9/499     5.41G   0.08851   0.07572   0.02672    0.1909        85       640  0.003967    0.1429  0.002524 0.0006058   0.08186   0.06512   0.02553
    10/499     5.41G   0.09232   0.06639   0.02674    0.1855        55       640  0.003975    0.1429  0.002449 0.0005877   0.08057   0.06591   0.02542
    11/499     5.41G   0.08816   0.06947   0.02694    0.1846        55       640  0.003968    0.1429  0.005481   0.00209   0.07912   0.06686   0.02534
    12/499     5.41G   0.08771    0.0843   0.02636    0.1984        46       640  0.003976    0.1429  0.002438 0.0006082   0.07823   0.06746   0.02527
    13/499     5.41G    0.0915    0.0705    0.0264    0.1884       100       640     0.504    0.1429  0.001859 0.0005506   0.07747   0.06797   0.02517
    14/499     5.41G   0.09258   0.08008    0.0262    0.1989        58       640     0.504    0.1429  0.002524 0.0009012   0.07737   0.06804   0.02507
    15/499     5.41G    0.0877   0.08046   0.02564    0.1938        66       640   0.01027    0.6429   0.01141  0.001689   0.07702   0.06826   0.02492
    16/499     5.41G   0.08861   0.06436   0.02678    0.1797        46       640  0.008987    0.6429  0.009555  0.001483   0.07666   0.06849   0.02477
    17/499     5.41G   0.09128   0.07812   0.02573    0.1951        67       640  0.008956    0.6429   0.02454   0.00463   0.07643   0.06864   0.02462
    18/499     5.41G   0.08701   0.07157   0.02513    0.1837        98       640  0.008967    0.6429   0.01487  0.002866   0.07577   0.06904   0.02447
    19/499     5.41G   0.08745   0.08236   0.02564    0.1954        82       640  0.008967    0.6429   0.01643  0.003072   0.07532   0.06928   0.02431
    20/499     5.41G    0.0851   0.08244   0.02584    0.1934        43       640  0.008967    0.6429   0.01361  0.003777   0.07497    0.0695   0.02417
    21/499     5.41G   0.09072   0.08116   0.02526    0.1971        72       640  0.008963    0.6429  0.009539  0.003157   0.07474   0.06962   0.02403
    22/499     5.41G   0.08523   0.06824   0.02573    0.1792        55       640  0.008956    0.6429  0.009538   0.00217   0.07432   0.06986   0.02392
    23/499     5.41G   0.08898   0.07509   0.02576    0.1898        52       640  0.008937    0.6429   0.01217  0.003547    0.0738   0.07017   0.02384
    24/499     5.41G   0.08765   0.07262   0.02569     0.186        63       640  0.009217    0.6429   0.01357  0.003562   0.07338   0.07043   0.02374
    25/499     5.41G   0.08627   0.06295   0.02516    0.1744        73       640  0.009227    0.6429   0.01354  0.003461   0.07289   0.07073   0.02363
    26/499     5.41G   0.08641   0.08266   0.02508    0.1941        80       640  0.009075    0.6429   0.01397  0.002823   0.07267   0.07089   0.02352
    27/499     5.41G   0.08967   0.08749   0.02557    0.2027       118       640  0.009155    0.6429   0.01364   0.00485   0.07245   0.07102   0.02342
    28/499     5.41G   0.08812   0.07833   0.02532    0.1918        68       640  0.009081    0.6429   0.01286  0.003413   0.07235   0.07106   0.02333
    29/499     5.41G   0.08708   0.07136   0.02537    0.1838        58       640  0.009191    0.6429    0.0119   0.00356   0.07242   0.07102   0.02324
    30/499     5.41G   0.08847   0.07286   0.02488    0.1862        66       640  0.009136    0.6429    0.0106  0.002485   0.07242   0.07095   0.02317
    31/499     5.41G   0.08973   0.06585   0.02523    0.1808        45       640  0.009174    0.6429   0.01268  0.003276   0.07257   0.07087    0.0231
    32/499     5.41G   0.08954   0.07938   0.02493    0.1939        70       640  0.009142    0.6429   0.01134  0.002929   0.07301   0.07053   0.02303
    33/499     5.41G   0.08675   0.06789   0.02586    0.1805        75       640  0.009061    0.6429   0.01223  0.003297    0.0727   0.07056   0.02299
    34/499     5.41G   0.09044   0.08073   0.02529    0.1965        99       640  0.008899    0.6429   0.01117  0.002238   0.07269   0.07054   0.02293
    35/499     5.41G   0.08965   0.07972   0.02532    0.1947        31       640   0.00892    0.6429   0.01254  0.001835   0.07273   0.07035   0.02287
    36/499     5.41G   0.08805   0.06826   0.02566     0.182        67       640  0.008889    0.6429   0.01369  0.003011   0.07301   0.07012   0.02283
    37/499     5.41G   0.08803   0.09256   0.02536    0.2059       114       640   0.00889    0.6429   0.01302  0.003045   0.07322   0.07011   0.02278
    38/499     5.41G    0.0872   0.07437   0.02533    0.1869       140       640  0.008889    0.6429   0.01177   0.00286   0.07331   0.06997   0.02274
    39/499     5.41G   0.08779   0.08258   0.02421    0.1946        65       640   0.01106    0.5357   0.01275  0.002719   0.07339   0.06993   0.02269
    40/499     5.41G   0.08697   0.07583   0.02572    0.1885        50       640   0.01619    0.6071   0.01143  0.002547   0.07335   0.07002   0.02263
    41/499     5.41G   0.08769   0.07595   0.02483    0.1885        74       640   0.01161    0.5714   0.01037  0.002571   0.07317   0.07025   0.02255
    42/499     5.41G   0.08595   0.06397   0.02481    0.1747        43       640   0.01662    0.6429   0.01114  0.002957   0.07281   0.07006   0.02244
    43/499     5.41G    0.0892   0.08666   0.02482    0.2007       104       640    0.0166    0.6429   0.01131   0.00427   0.07256    0.0702   0.02235
    44/499     5.41G   0.08455   0.06328   0.02415     0.172        51       640    0.0153    0.6429   0.01171  0.003283   0.07239   0.07032   0.02221
    45/499     5.41G    0.0845   0.08125   0.02423      0.19        83       640   0.01227    0.6429   0.01226  0.003878   0.07227   0.07035   0.02222
    46/499     5.41G   0.08542   0.08511   0.02443     0.195       104       640   0.01002    0.6429   0.01353  0.005013   0.07201   0.07048   0.02212
    47/499     5.41G   0.08703   0.07322    0.0247     0.185        51       640  0.009439    0.6429   0.01625  0.004543   0.07195   0.07052   0.02205
    48/499     5.41G   0.09189   0.07223   0.02499    0.1891        95       640  0.009263    0.6429   0.01633   0.00489   0.07218   0.07055   0.02198
    49/499     5.41G   0.08424   0.09297   0.02434    0.2016        87       640  0.009018    0.6429    0.0137  0.005386   0.07225    0.0704   0.02193
    50/499     5.41G   0.08853   0.08158   0.02413    0.1942        82       640   0.01694   0.07143   0.01626   0.00642   0.07249   0.07023   0.02188
    51/499     5.41G   0.08539   0.08148    0.0243    0.1912        37       640  0.009186    0.6429   0.01831  0.006908   0.07267   0.07022   0.02186
    52/499     5.41G   0.08529   0.09484   0.02403    0.2042        89       640   0.00915    0.6429   0.01773  0.004456   0.07274   0.07027   0.02182
    53/499     5.41G   0.08749    0.0797   0.02396    0.1912       108       640  0.009074    0.6429   0.01839  0.004802   0.07295   0.07019   0.02177
    54/499     5.41G   0.08811    0.0882   0.02397    0.2003        43       640  0.009163    0.6429   0.02028  0.004418   0.07315   0.07006   0.02171
    55/499     5.41G   0.08647   0.06665   0.02405    0.1772        80       640  0.009221    0.6429    0.0181   0.00462   0.07304    0.0701   0.02164
    56/499     5.41G    0.0864   0.07016   0.02414    0.1807        44       640   0.02835   0.07143   0.01833   0.00519    0.0727   0.07026   0.02157
    57/499     5.41G   0.08811   0.08347   0.02404    0.1956        72       640  0.008916    0.6429   0.01635  0.005318   0.07272   0.07033   0.02152
    58/499     5.41G   0.08687   0.07892   0.02476    0.1906        46       640   0.01235   0.03571   0.01589  0.005625   0.07263   0.07037   0.02145
    59/499     5.41G   0.08789   0.07655   0.02356     0.188        69       640  0.008969    0.6429   0.01639  0.005689   0.07243   0.07049   0.02137
    60/499     5.41G   0.08971    0.1014   0.02435    0.2155       124       640   0.01509   0.05905   0.01971  0.005337   0.07241   0.07049   0.02128
    61/499     5.41G   0.08929   0.07518   0.02388    0.1883        76       640  0.008917    0.6429   0.01601   0.00493   0.07244   0.07051   0.02127
    62/499     5.41G   0.08727   0.08257    0.0233    0.1931       107       640  0.008923    0.6429   0.01872  0.005392   0.07211   0.07072   0.02119
    63/499     5.41G   0.08544   0.07731   0.02471    0.1875        70       640  0.008931    0.6429    0.0164  0.005902   0.07174    0.0709   0.02115
    64/499     5.41G   0.08753   0.07409   0.02467    0.1863        92       640   0.01371   0.08251   0.02223  0.004689   0.07178   0.07098   0.02111
    65/499     5.41G   0.08785   0.07695   0.02395    0.1888        66       640   0.00889    0.6429   0.02306  0.006513   0.07171   0.07109   0.02107
    66/499     5.41G   0.08665     0.087   0.02475    0.1984        90       640   0.04583    0.2321   0.02059  0.006053   0.07157   0.07116   0.02101
    67/499     5.41G   0.08643   0.08257   0.02336    0.1924        74       640    0.0461    0.2321   0.01998  0.005926   0.07152   0.07119   0.02098
    68/499     5.41G   0.08719   0.08444   0.02347    0.1951       129       640   0.03057    0.1071    0.0189  0.005883   0.07167   0.07103   0.02091
    69/499     5.41G   0.08549   0.07113   0.02293    0.1796        91       640    0.0322    0.1071   0.02051  0.006641   0.07162   0.07108   0.02086
    70/499     5.41G   0.08757   0.07843   0.02312    0.1891       104       640   0.02862    0.1071   0.02131  0.005661    0.0714   0.07117   0.02078
    71/499     5.41G   0.08529   0.08561   0.02354    0.1944       108       640   0.03549    0.1546    0.0235  0.006805   0.07131    0.0712   0.02073
    72/499     5.41G   0.08699   0.08878   0.02329    0.1991       107       640   0.03988    0.2679   0.01895  0.006545   0.07119   0.07127   0.02066
    73/499     5.41G   0.08737   0.07389   0.02464    0.1859        69       640   0.03368    0.2679    0.0187  0.006117   0.07125    0.0712   0.02061
    74/499     5.41G   0.08537   0.08002   0.02375    0.1891        94       640   0.03646    0.2679   0.02231  0.007959   0.07106   0.07126   0.02054
    75/499     5.41G   0.08925   0.08684   0.02293     0.199        80       640   0.03434    0.2679   0.01964  0.005043     0.071   0.07136   0.02051
    76/499     5.41G   0.08062   0.08631   0.02301    0.1899        83       640   0.02764    0.1429   0.02046  0.006278   0.07098   0.07137   0.02043
    77/499     5.41G   0.08782   0.08615   0.02359    0.1975        71       640   0.03142    0.2679   0.02387  0.006587   0.07107   0.07131   0.02039
    78/499     5.41G   0.08861   0.09251   0.02362    0.2047        99       640   0.03147    0.1071    0.0263  0.005541    0.0713    0.0712   0.02031
    79/499     5.41G   0.08537   0.07662   0.02273    0.1847        70       640   0.03308    0.1429   0.03309  0.007976   0.07164   0.07105   0.02027
    80/499     5.41G   0.08454   0.08515     0.023    0.1927        95       640   0.04027    0.1429   0.04311   0.01266   0.07212   0.07073   0.02018
    81/499     5.41G   0.08213   0.07774   0.02291    0.1828        86       640   0.03938    0.1429   0.04362  0.008067   0.07201    0.0708   0.02013
    82/499     5.41G   0.08981   0.07784   0.02336     0.191       114       640   0.03971    0.1429   0.04685   0.01233   0.07204   0.07074   0.02003
    83/499     5.41G   0.08352   0.07879    0.0238    0.1861        89       640   0.06516    0.1071   0.04869   0.01081   0.07194   0.07072      0.02
    84/499     5.41G    0.0877   0.07387   0.02295    0.1845       103       640   0.06664    0.1429   0.04961   0.01197   0.07176   0.07076   0.01996
    85/499     5.41G    0.0843   0.09014   0.02251     0.197        96       640   0.05568    0.1429     0.043   0.01225   0.07162   0.07071   0.01988
    86/499     5.41G   0.08753   0.08229   0.02399    0.1938        86       640   0.05217    0.1429   0.04559   0.01245   0.07165   0.07068   0.01983
    87/499     5.41G   0.08692   0.07958   0.02249     0.189        65       640   0.04924    0.5179   0.03921   0.01314   0.07181   0.07049   0.01977
    88/499     5.41G   0.08406   0.07914   0.02381     0.187        93       640   0.04574    0.5179   0.03741   0.01259   0.07168   0.07047   0.01971
    89/499     5.41G   0.08608   0.08299   0.02333    0.1924        65       640   0.03612    0.5179   0.03261    0.0116   0.07148   0.07042   0.01961
    90/499     5.41G   0.08732   0.08736   0.02206    0.1967        92       640   0.04245    0.6429   0.03819   0.01419   0.07182    0.0701   0.01953
    91/499     5.41G   0.08546   0.08481   0.02254    0.1928        93       640   0.03845    0.6429   0.03757   0.01422   0.07208   0.06995   0.01948
    92/499     5.41G   0.08889   0.08084   0.02259    0.1923        54       640   0.03549    0.6429   0.03904   0.01255    0.0723   0.06979   0.01943
    93/499     5.41G   0.08581   0.07931   0.02222    0.1873        48       640   0.03461    0.6429   0.04052   0.01079   0.07246   0.06963   0.01936
    94/499     5.41G   0.08648   0.08219   0.02196    0.1906       105       640    0.0332    0.6429   0.03849   0.01135   0.07249   0.06961   0.01933
    95/499     5.41G    0.0818   0.08471   0.02232    0.1888        72       640   0.05878    0.3929   0.04548    0.0147   0.07232    0.0697   0.01927
    96/499     5.41G   0.08383   0.07317   0.02034    0.1773        54       640   0.05921    0.3929   0.04755   0.01524   0.07219   0.06977   0.01922
    97/499     5.41G   0.08765   0.08741    0.0226    0.1977       116       640   0.06853    0.5179   0.05283    0.0175   0.07224   0.06971   0.01915
    98/499     5.41G   0.08801   0.06991   0.02126    0.1792        77       640   0.07458    0.5179   0.05569   0.01835   0.07219   0.06972   0.01907
    99/499     5.41G   0.09143    0.0812   0.02192    0.1945        91       640    0.1146    0.3718   0.06621   0.02214   0.07227   0.06963   0.01898
   100/499     5.41G   0.08568   0.08044   0.01993    0.1861        59       640    0.1285    0.5179    0.0719   0.02283   0.07212   0.06961   0.01879
   101/499     5.41G   0.09042   0.07508   0.02185    0.1873       104       640    0.1666    0.5179   0.08689   0.02394    0.0722   0.06962   0.01864
   102/499     5.41G   0.08566   0.09212   0.01998    0.1978       109       640    0.1571    0.4821    0.0882   0.02419   0.07254   0.06942   0.01847
   103/499     5.41G   0.08737   0.06933   0.02024    0.1769        36       640    0.1447    0.4805   0.08753   0.02373   0.07264    0.0694   0.01829
   104/499     5.41G   0.08869   0.09486   0.01958    0.2031        64       640    0.1524    0.4821   0.09117   0.02582   0.07285   0.06925   0.01812
   105/499     5.41G   0.08341   0.07613   0.01787    0.1774        70       640   0.09526    0.6429   0.08511   0.02345   0.07201   0.06973   0.01742
   106/499     5.41G   0.08916   0.07938   0.01901    0.1876        82       640   0.08245    0.5179   0.06717    0.0187     0.072   0.06993   0.01738
   107/499     5.41G   0.08793    0.0815    0.0186     0.188       107       640   0.08245    0.5179   0.06717    0.0187     0.072   0.06993   0.01738
   108/499     5.41G   0.08678   0.08293   0.01902    0.1887       100       640   0.06484    0.6429   0.06217   0.01511   0.07127   0.07016   0.01653
   109/499     5.41G   0.08381   0.07541   0.01771    0.1769        93       640    0.5822      0.25   0.08016   0.01901   0.07091   0.06989    0.0159
   110/499     5.41G   0.08177   0.07752   0.01774     0.177        76       640   0.07427     0.375   0.08498   0.02784   0.07046   0.06963   0.01546
   111/499     5.41G    0.0858   0.07506   0.01748    0.1783        70       640   0.06012       0.5   0.07274   0.02587   0.07034   0.06933   0.01506
   112/499     5.41G   0.08242   0.07124   0.01727    0.1709        46       640     0.075    0.6429   0.07863   0.01403   0.07008   0.06943   0.01491
   113/499     5.41G   0.08489   0.08655   0.01666    0.1881        84       640    0.6151    0.3738    0.1228   0.03683   0.06996   0.06915   0.01454
   114/499     5.41G   0.08861    0.0782   0.01672    0.1835        93       640    0.7028     0.375    0.2007   0.04981   0.06952   0.06893   0.01401
   115/499     5.41G   0.08397     0.085   0.01591    0.1849       117       640     0.705    0.3507    0.2836   0.05646    0.0691   0.06931   0.01392
   116/499     5.41G   0.08262   0.07726   0.01548    0.1754        84       640     0.861     0.375    0.3383    0.1171   0.06857   0.06931   0.01344
   117/499     5.41G   0.08349   0.05738   0.01699    0.1579        48       640    0.8666    0.3498    0.3761    0.1318   0.06843    0.0694   0.01325
   118/499     5.41G   0.08599   0.08225    0.0174    0.1856       128       640    0.7994     0.375    0.4062    0.1577   0.06822   0.06867   0.01238
   119/499     5.41G   0.08686    0.0783   0.01631    0.1815        54       640    0.7196       0.5    0.2586   0.06813   0.06831   0.06831   0.01182
   120/499     5.41G   0.08422   0.07528   0.01626    0.1758        99       640    0.7481       0.5    0.3125   0.05464   0.06785   0.06942   0.01221
   121/499     5.41G   0.08591   0.07506   0.01581    0.1768        75       640    0.6665    0.3746    0.1619   0.05039   0.06745   0.06991   0.01214
   122/499     5.41G   0.08578   0.07362   0.01503    0.1744        66       640    0.6952      0.25    0.1791   0.05355   0.06664   0.07032   0.01139
   123/499     5.41G   0.08785   0.07019   0.01609    0.1741        34       640   0.05262    0.4998   0.06173   0.01555   0.06744   0.07068   0.01232
   124/499     5.41G   0.08956   0.08181   0.01647    0.1878       162       640   0.05056    0.5321   0.04034  0.009519   0.06869   0.07083   0.01387
   125/499     5.41G   0.08534   0.06981   0.01567    0.1708        85       640   0.06197     0.375   0.06577   0.01739   0.06993   0.06859   0.01323
   126/499     5.41G   0.08592    0.0689    0.0148    0.1696        97       640   0.06943      0.25   0.07445   0.01766   0.07024   0.06776   0.01266
   127/499     5.41G    0.0867   0.05715   0.01628    0.1601        46       640    0.1611      0.25    0.1353   0.02276   0.07029   0.06754    0.0126
   128/499     5.41G   0.08625   0.07256   0.01412    0.1729        42       640    0.1281    0.5714    0.1472    0.0252   0.07016   0.06763   0.01257
   129/499     5.41G   0.08366    0.0841   0.01538    0.1831        72       640    0.2095    0.5179      0.15   0.01655   0.07046   0.06723   0.01176
   130/499     5.41G   0.08705   0.07937   0.01507    0.1815        85       640    0.1817    0.6429    0.2303   0.02525   0.07039   0.06724   0.01131
   131/499     5.41G   0.08734    0.0842   0.01436    0.1859        97       640    0.8217       0.5    0.4822    0.1399    0.0675   0.06821   0.01032
   132/499     5.41G   0.08272   0.07607   0.01434    0.1731        84       640    0.8217       0.5    0.4822    0.1399    0.0675   0.06821   0.01032
   133/499     5.41G   0.08913   0.06879   0.01612     0.174        53       640    0.8057      0.25     0.308     0.083    0.0677   0.06814   0.00997
   134/499     5.41G   0.08517   0.07837   0.01431    0.1779        99       640    0.4095    0.6429    0.3464   0.06689   0.06709    0.0681   0.00932
   135/499     5.41G   0.08836   0.06583   0.01436    0.1686       115       640    0.8309    0.4908    0.4672    0.1109   0.06525   0.06851  0.009345
   136/499     5.41G   0.08593   0.06383   0.01343    0.1632        84       640    0.3648    0.6429    0.3992   0.09483   0.06393   0.06858  0.009041
   137/499     5.41G   0.08674   0.07048   0.01277      0.17        58       640    0.3667    0.5179    0.3627   0.05279   0.06599   0.06671  0.008604
   138/499     5.41G   0.09027   0.06781   0.01452    0.1726        81       640     0.312    0.6253    0.2854   0.05354   0.06592   0.06586   0.00792
   139/499     5.41G   0.08666   0.08308   0.01223     0.182        59       640     0.312    0.6253    0.2854   0.05354   0.06592   0.06586   0.00792
   140/499     5.41G   0.08776   0.06982   0.01267    0.1703        73       640    0.1799    0.6429    0.1959   0.03429   0.06786   0.06423  0.007321
   141/499     5.41G   0.08949   0.07281   0.01424    0.1765        50       640    0.1492    0.6429    0.1688   0.03404   0.06737   0.06465  0.007535
   142/499     5.41G   0.08604   0.06403   0.01201    0.1621        30       640    0.1538    0.6429    0.1814    0.0403   0.06759   0.06294  0.006646
   143/499     5.41G   0.08512   0.07421    0.0133    0.1726        73       640   0.09464    0.3929    0.1152    0.0248   0.07183   0.05918  0.005598
   144/499     5.41G   0.08753   0.07837   0.01255    0.1785       138       640    0.4004    0.5714    0.4973   0.09427   0.07534   0.05761  0.004258
   145/499     5.41G   0.08363   0.07104    0.0111    0.1658        85       640    0.4251    0.9643    0.4537   0.05186   0.06996   0.06276  0.005142
   146/499     5.41G   0.08389   0.08147  0.009768    0.1751        76       640    0.4251    0.9643    0.4537   0.05186   0.06996   0.06276  0.005142
   147/499     5.41G   0.08402   0.06249   0.01132    0.1578        35       640    0.3401         1    0.3895   0.09781   0.07008   0.06508  0.005216
   148/499     5.41G   0.08663   0.06801   0.01256    0.1672        73       640    0.2863         1    0.3511   0.06972   0.07044   0.07247  0.005132
   149/499     5.41G   0.08474   0.07322   0.01315    0.1711       127       640    0.3804     0.875     0.306   0.03779   0.06967   0.07062  0.005054
   150/499     5.41G   0.08498   0.07964     0.011    0.1756        47       640    0.2028     0.625    0.1696   0.04383   0.07188   0.06173  0.003129
   151/499     5.41G   0.08825    0.0725   0.01107    0.1718       121       640   0.05366     0.959   0.06357   0.01617   0.07247   0.06579  0.003075
   152/499     5.41G   0.08466   0.07717   0.01106    0.1729       164       640    0.1101       0.5    0.1465   0.02425    0.0721   0.06062  0.002439
   153/499     5.41G   0.08422   0.06932   0.01059    0.1641        79       640    0.1101       0.5    0.1465   0.02425    0.0721   0.06062  0.002439
   154/499     5.41G    0.0812   0.07192  0.009268    0.1624        90       640    0.8315      0.25    0.2813   0.06672   0.07753    0.0572  0.002503
   155/499     5.41G   0.08723   0.06618   0.01068    0.1641        46       640    0.8315      0.25    0.2813   0.06672   0.07753    0.0572  0.002503
   156/499     5.41G   0.08983   0.07754     0.011    0.1784        97       640         1    0.2497    0.3996   0.08973   0.08187   0.04996  0.002531
   157/499     5.41G   0.08158   0.07029  0.009962    0.1618        79       640    0.8716    0.3648    0.4275   0.08923   0.07885   0.05049  0.002485
   158/499     5.41G   0.08353   0.06695    0.0121    0.1626        60       640    0.3562    0.5714    0.3944   0.05871   0.07173   0.05773  0.002678
   159/499     5.41G   0.08422    0.0698   0.01129    0.1653        52       640    0.3562    0.5714    0.3944   0.05871   0.07173    0.0577  0.002678
   160/499     5.41G   0.08132   0.08002   0.00907    0.1704        61       640    0.3517    0.4821    0.4007   0.05273   0.06952   0.06141  0.003235
   161/499     5.41G   0.08157   0.06517    0.0113     0.158        57       640    0.3034    0.4286    0.2293   0.03939    0.0683    0.0634  0.003991
   162/499     5.41G   0.08112   0.07361   0.01098    0.1657        80       640    0.4986     0.375     0.464   0.07223   0.07385   0.05583  0.002115
   163/499     5.41G   0.08251   0.05282   0.01181    0.1471        47       640    0.4986     0.375     0.464   0.07223   0.07385   0.05584  0.002115
   164/499     5.41G   0.08763   0.05992  0.009305    0.1569        61       640    0.4194    0.5714    0.4473    0.1131   0.07308   0.05442  0.001916
   165/499     5.41G   0.07924   0.05928  0.009789    0.1483        28       640    0.9887     0.125    0.2301   0.08711   0.06892   0.07136  0.003863
   166/499     5.41G   0.08263   0.06564   0.01016    0.1584        95       640   0.08856    0.7143   0.09725   0.02465    0.0884    0.1002   0.06166
   167/499     5.41G   0.08399   0.07252   0.01138    0.1679        89       640   0.08856    0.7143   0.09725   0.02465    0.0884    0.1002   0.06166
   168/499     5.41G   0.07957   0.05856  0.007427    0.1455        57       640   0.04179    0.6429   0.03203   0.01011   0.09217    0.1157   0.06292
   169/499     5.41G   0.08534   0.06929  0.007748    0.1624        66       640    0.1518    0.5347   0.08048   0.02369     0.082   0.09786   0.01699
   170/499     5.41G   0.07792   0.07364  0.008439      0.16        69       640   0.09068    0.4464    0.1084   0.01975   0.07745   0.06138  0.001479
   171/499     5.41G   0.08347    0.0729  0.008384    0.1648        70       640   0.09068    0.4464    0.1084   0.01975   0.07745   0.06138  0.001479
   172/499     5.41G   0.08785   0.06216  0.007794    0.1578        75       640     0.103    0.7321    0.1116    0.0196   0.08518   0.06534  0.001562
   173/499     5.41G    0.0848    0.0553  0.006392    0.1465        54       640     0.297    0.3392     0.239   0.04052   0.08529   0.05369  0.001797
   174/499     5.41G   0.08772   0.06388  0.008216    0.1598        93       640    0.6662     0.375    0.2029   0.04401   0.07589    0.0967  0.002811
   175/499     5.41G   0.08227   0.05808  0.007221    0.1476        80       640    0.6662     0.375    0.2029   0.04401   0.07589    0.0967  0.002811
   176/499     5.41G   0.08646   0.07114  0.009251    0.1668        66       640    0.7489      0.25    0.2116   0.04958   0.07968    0.1049  0.008041
   177/499     5.41G   0.08356    0.0713  0.008148     0.163        92       640    0.8724     0.375    0.3913   0.09298   0.07417   0.09449  0.003208
   178/499     5.41G   0.08589   0.06744   0.01012    0.1634       100       640    0.9999       0.5    0.6015    0.1251   0.07139   0.05526  0.001786
   179/499     5.41G   0.08372   0.07054  0.007996    0.1623        50       640    0.9999       0.5    0.6015    0.1251   0.07139   0.05531  0.001786
   180/499     5.41G   0.08024   0.07552  0.006794    0.1626       105       640    0.4986       0.5    0.5712    0.1478   0.07331   0.05327  0.002009
   181/499     5.41G   0.08221   0.06516  0.007857    0.1552        86       640       0.5    0.3734    0.5004    0.1347   0.07669   0.05123  0.002737
   182/499     5.41G    0.0814   0.07649   0.00716     0.165       138       640    0.2745    0.8571    0.3104   0.04591   0.08089    0.0512  0.002955
   183/499     5.41G   0.08439   0.06173  0.006363    0.1525        91       640    0.2745    0.8571    0.3104   0.04591   0.08089    0.0512  0.002955
   184/499     5.41G    0.0824   0.06657  0.006416    0.1554        55       640    0.1379    0.3036    0.1132   0.01606   0.08534   0.05926  0.004591
   185/499     5.41G   0.08088   0.06318  0.006487    0.1505       114       640    0.2431     0.183    0.1729   0.02138   0.08782    0.0695   0.02565
   186/499     5.41G   0.08346   0.07331  0.007641    0.1644        72       640    0.2571    0.1607     0.082   0.00935   0.09319   0.06051  0.005749
   187/499     5.41G    0.0849   0.06211  0.007271    0.1543        44       640    0.2571    0.1607     0.082   0.00935   0.09319   0.06051  0.005749
   188/499     5.41G   0.08392   0.06796  0.006385    0.1583        90       640   0.01761    0.7321    0.0165   0.00303   0.09475    0.0579  0.004955
   189/499     5.41G   0.08271   0.06878  0.006401    0.1579        85       640    0.6497    0.3214    0.1504   0.02504   0.08193   0.05425   0.00435
   190/499     5.41G    0.0803   0.06832  0.005645    0.1543       110       640    0.2638    0.8571    0.2837    0.0483   0.08841   0.04471  0.004009
   191/499     5.41G   0.08647   0.06448  0.007496    0.1584       110       640    0.2638    0.8571    0.2837    0.0483   0.08841   0.04471  0.004009
   192/499     5.41G   0.08448     0.059  0.007245    0.1507        76       640    0.1415    0.7143    0.1398   0.05503   0.09261    0.0453  0.003104
   193/499     5.41G   0.08565   0.06954  0.006937    0.1621       146       640    0.1856    0.8864    0.2478   0.08157   0.08423   0.04729  0.002155
   194/499     5.41G   0.08332   0.07444  0.007177    0.1649       135       640    0.3811    0.6607    0.4207    0.1486   0.07586   0.04624  0.002673
   195/499     5.41G   0.07903   0.06728  0.007283    0.1536        72       640    0.3811    0.6607    0.4207    0.1486   0.07586   0.04624  0.002673
   196/499     5.41G   0.07981   0.06349  0.006877    0.1502       127       640    0.5612    0.8214    0.6465    0.2182   0.07544   0.04716  0.003078
   197/499     5.41G   0.07996   0.06621  0.007705    0.1539       112       640    0.5415    0.7834    0.5994    0.2266   0.07455   0.04767   0.00256
   198/499     5.41G   0.07891   0.06874  0.006922    0.1546        88       640    0.5594    0.8214    0.6527    0.1737   0.07041   0.04817  0.002077
   199/499     5.41G   0.07724   0.06904  0.006911    0.1532        58       640    0.5594    0.8214    0.6527    0.1737   0.07041   0.04816  0.002077
   200/499     5.41G   0.07924   0.05867  0.006795    0.1447        75       640     0.324    0.9643    0.5035    0.1533   0.07419   0.04635   0.00208
   201/499     5.41G   0.08102   0.06744  0.006988    0.1554       109       640    0.3246    0.9973    0.4508    0.1091    0.0725   0.05076  0.002563
   202/499     5.41G   0.07845   0.06568  0.007925    0.1521       110       640     0.583     0.817    0.6981    0.1948   0.07115   0.06644  0.001652
   203/499     5.41G   0.07643     0.065  0.007292    0.1487        87       640     0.583     0.817    0.6981    0.1948   0.07115   0.06644  0.001652
   204/499     5.41G   0.07499   0.06876  0.007239     0.151        93       640     0.597    0.8214    0.6857    0.1903   0.07263   0.06494  0.001419
   205/499     5.41G   0.07608   0.06236  0.006874    0.1453        37       640    0.5652    0.9643    0.6216    0.1965    0.0741   0.05359   0.00156
   206/499     5.41G    0.0776   0.06571  0.006068    0.1494       162       640    0.4338    0.7679    0.5111    0.1601   0.07665   0.04824  0.001824
   207/499     5.41G   0.08401   0.07096   0.00781    0.1628        95       640    0.4338    0.7679    0.5111    0.1601   0.07665   0.04822  0.001824
   208/499     5.41G   0.08213   0.06021  0.004555    0.1469        81       640    0.3008    0.6429    0.3184   0.09219   0.08311   0.05128   0.00155
   209/499     5.41G   0.08508   0.05978  0.007578    0.1524       126       640    0.2461    0.7994     0.273   0.05919   0.08205   0.04612  0.002508
   210/499     5.41G   0.08051   0.06135  0.007155     0.149        96       640    0.1974    0.8036    0.2728   0.09225    0.0823   0.04854  0.005802
   211/499     5.41G   0.08228   0.05558  0.006681    0.1445        45       640    0.1974    0.8036    0.2728   0.09225    0.0823   0.04854  0.005802
   212/499     5.41G   0.08353   0.05388  0.006473    0.1439        33       640     0.657    0.2143    0.1251   0.05028   0.08575   0.04885   0.01233
   213/499     5.41G   0.08144   0.06394  0.007093    0.1525        85       640    0.9161    0.1786    0.2347   0.08759   0.08589   0.04702   0.01352
   214/499     5.41G   0.08129   0.06372   0.00675    0.1518       106       640    0.2878     0.875    0.5769    0.1123   0.08399   0.04678  0.009746
   215/499     5.41G   0.08086   0.05851  0.007992    0.1474        51       640    0.2878     0.875    0.5769    0.1123   0.08399   0.04679  0.009746
   216/499     5.41G   0.08263   0.06693  0.005776    0.1553       120       640    0.5406    0.8393    0.7129    0.2529   0.08586   0.04991  0.008932
   217/499     5.41G   0.07892   0.06287  0.005956    0.1477        68       640    0.5517    0.7321    0.7124    0.3003   0.08304   0.04908  0.005309
   218/499     5.41G   0.07214   0.06025  0.005833    0.1382        97       640    0.6021    0.7321    0.6838    0.2858   0.07496   0.04663  0.006311
   219/499     5.41G   0.07933   0.07235  0.007972    0.1597       111       640    0.6021    0.7321    0.6838    0.2858   0.07496   0.04663  0.006311
   220/499     5.41G   0.08177   0.06509  0.006366    0.1532        83       640    0.5829    0.6953    0.6605    0.2097   0.07619   0.04515  0.008591
   221/499     5.41G   0.08042   0.06978  0.006438    0.1566        78       640    0.6481    0.8885     0.788    0.2019   0.07066   0.04663  0.002981
   222/499     5.41G   0.07677   0.06315  0.005542    0.1455        75       640    0.6196    0.7679    0.6202     0.157   0.06654   0.05017  0.004339
   223/499     5.41G   0.07651   0.06024  0.006873    0.1436        54       640    0.6196    0.7679    0.6202     0.157   0.06654   0.05017  0.004339
   224/499     5.41G   0.07469   0.05684  0.005722    0.1373        66       640    0.5985    0.7679    0.6012    0.1349   0.06609   0.05126   0.00455
   225/499     5.41G   0.07442   0.06207  0.007095    0.1436       132       640    0.6471    0.8393     0.613    0.1439   0.06472   0.05046  0.005144
   226/499     5.41G   0.07628   0.06563  0.005761    0.1477        62       640    0.5737    0.9642    0.7819    0.2684   0.06627   0.05338  0.002886
   227/499     5.41G   0.07415   0.06362  0.005981    0.1438        92       640    0.5737    0.9642    0.7819    0.2684   0.06627   0.05338  0.002886
   228/499     5.41G   0.07906    0.0636  0.005205    0.1479        53       640    0.5495    0.7679    0.7342    0.2635   0.07003   0.07316   0.00184
   229/499     5.41G   0.07586   0.05231  0.009106    0.1373       114       640    0.5393    0.8864    0.7429    0.2505   0.07028   0.06496  0.002347
   230/499     5.41G    0.0754   0.06089   0.00742    0.1437        84       640    0.3283    0.9643    0.4838    0.0762    0.0766   0.04918  0.002552
   231/499     5.41G   0.07815   0.08021  0.005255    0.1636       136       640    0.3283    0.9643    0.4838    0.0762    0.0766   0.04918  0.002552
   232/499     5.41G   0.07768   0.06375  0.005801    0.1472        50       640    0.2277    0.8393    0.3096    0.1219    0.0799   0.04462  0.002681
   233/499     5.41G   0.07581   0.07394   0.00487    0.1546        93       640    0.2406     0.875    0.3545    0.1231   0.07279   0.04709  0.002311
   234/499     5.41G   0.07465   0.07312  0.006433    0.1542       111       640    0.4256         1     0.577    0.1777   0.07299   0.05834  0.002416
   235/499     5.41G   0.07803   0.07152  0.005448     0.155        64       640    0.4256         1     0.577    0.1777   0.07299   0.05833  0.002416
   236/499     5.41G   0.07767   0.06002  0.006129    0.1438        43       640     0.269    0.8695    0.3813    0.1283    0.0738   0.06633  0.002453
   237/499     5.41G   0.07632   0.06439  0.005621    0.1463        97       640    0.4291    0.9975    0.5818    0.1297   0.07079   0.05512  0.002315
   238/499     5.41G   0.06895   0.06503  0.005882    0.1399        72       640    0.6258    0.5179    0.3062    0.0733   0.06266   0.05353  0.002563
   239/499     5.41G   0.07431   0.06334  0.004493    0.1421       107       640    0.6258    0.5179    0.3062    0.0733   0.06266    0.0535  0.002563
   240/499     5.41G   0.07735   0.06758  0.006531    0.1515        76       640    0.1641    0.6786    0.1682   0.05419   0.06455   0.05601  0.003063
   241/499     5.41G   0.07133   0.05919  0.006546    0.1371        59       640    0.1738    0.6786    0.1638   0.04977   0.06341   0.05693  0.003286
   242/499     5.41G   0.06769    0.0613  0.006416    0.1354        63       640    0.4405    0.6063    0.3834    0.1041   0.06399   0.05885  0.004092
   243/499     5.41G   0.06796   0.06864  0.006505    0.1431        75       640    0.4405    0.6063    0.3834    0.1041   0.06399   0.05889  0.004092
   244/499     5.41G   0.06669   0.07002  0.008411    0.1451       139       640    0.5868    0.7308    0.5623    0.1648   0.06506   0.05935  0.005868
   245/499     5.41G   0.06723   0.07003   0.00648    0.1437        89       640    0.5928    0.9152    0.6242    0.2388   0.06296   0.06023  0.004006
   246/499     5.41G   0.06678   0.06653  0.005686     0.139        99       640    0.6049    0.7321      0.67    0.2106   0.06142   0.05483  0.003463
   247/499     5.41G   0.06358   0.06527  0.004974    0.1338        62       640    0.6049    0.7321      0.67    0.2106   0.06142   0.05483  0.003463
   248/499     5.41G   0.06814   0.07087   0.00583    0.1448        75       640    0.5479    0.8571    0.8063    0.2614   0.06426   0.05638   0.00362
   249/499     5.41G    0.0731   0.06887  0.005418    0.1474       127       640    0.4153    0.8571    0.7474    0.2716   0.07225   0.07927  0.003942
   250/499     5.41G   0.06916   0.05811  0.004721     0.132        61       640     0.598    0.8511    0.7403    0.2711   0.06307   0.05908  0.001342
   251/499     5.41G   0.07848   0.05496  0.006238    0.1397        96       640     0.598    0.8511    0.7403    0.2711   0.06307   0.05907  0.001342
   252/499     5.41G   0.07905    0.0582  0.006326    0.1436        84       640      0.55    0.7143    0.5657    0.1958   0.07408   0.05612  0.001238
   253/499     5.41G   0.08056   0.06628  0.004806    0.1516        88       640    0.5663    0.5893    0.5156    0.2299   0.07032   0.05995  0.001302
   254/499     5.41G   0.07547   0.08075  0.004868    0.1611       136       640    0.4848    0.8214     0.565    0.1439   0.06318   0.05288   0.00132
   255/499     5.41G   0.07492   0.06586  0.007054    0.1478        80       640    0.4848    0.8214     0.565    0.1439   0.06318   0.05288   0.00132
   256/499     5.41G    0.0738   0.06348  0.004828    0.1421        94       640    0.5181    0.8212    0.5701    0.1633   0.06562   0.05118  0.001546
   257/499     5.41G   0.07419   0.06292  0.008159    0.1453        90       640    0.4097    0.8915    0.4442    0.1337   0.06515   0.04828  0.004463
   258/499     5.41G   0.07288   0.06984  0.005318     0.148       102       640    0.3689    0.6964    0.4342    0.1038   0.07551    0.0441  0.003043
   259/499     5.41G    0.0755   0.06137  0.004788    0.1417        62       640    0.3689    0.6964    0.4342    0.1038   0.07551   0.04406  0.003043
   260/499     5.41G   0.07512   0.05615  0.003891    0.1352        78       640    0.3519     0.724    0.3504   0.09291   0.08332   0.04252   0.00344
   261/499     5.41G   0.07256   0.06507  0.004151    0.1418       100       640    0.3848    0.6071     0.372    0.1002   0.08404   0.04226  0.005706
   262/499     5.41G   0.07304   0.06196  0.004476    0.1395       114       640    0.4902    0.4434    0.4349    0.1207   0.07598   0.04117   0.00505
   263/499     5.41G   0.06841   0.05432  0.005912    0.1286        27       640    0.4902    0.4434    0.4349    0.1207   0.07598   0.04117   0.00505
   264/499     5.41G   0.06946   0.06167  0.006983    0.1381        78       640    0.3195    0.6964    0.4325   0.08817    0.0738   0.04185  0.005087
   265/499     5.41G   0.06875   0.06067   0.00576    0.1352        36       640    0.4154    0.6029    0.4604    0.1338   0.07049   0.04371  0.004942
   266/499     5.41G   0.06754   0.06621  0.006044    0.1398        89       640    0.3607    0.8571    0.5901    0.1744   0.06405   0.04891  0.004448
   267/499     5.41G    0.0696   0.06876  0.004496    0.1429       116       640    0.3607    0.8571    0.5901    0.1744   0.06405   0.04891  0.004448
   268/499     5.41G    0.0623   0.05645  0.003661    0.1224        81       640    0.4226    0.8571    0.6895    0.2531   0.06509   0.05791  0.003399
   269/499     5.41G   0.06914     0.055  0.004093    0.1282       105       640    0.2474    0.8571     0.499    0.2006    0.0638   0.06851  0.002673
   270/499     5.41G   0.06662   0.06074  0.004336    0.1317        99       640    0.3866    0.6071    0.4971    0.1852   0.06214   0.07503  0.002124
   271/499     5.41G   0.06701   0.06243  0.004597     0.134        98       640    0.3866    0.6071    0.4971    0.1852   0.06214   0.07503  0.002124
   272/499     5.41G   0.06716   0.05888  0.006782    0.1328        59       640    0.5407     0.928    0.7873    0.2568   0.05998   0.06729  0.001815
   273/499     5.41G   0.06764   0.07128   0.00487    0.1438        51       640    0.6021    0.8927    0.6673    0.2875   0.05907   0.05349  0.001644
   274/499     5.41G   0.06223    0.0588  0.006367    0.1274        53       640    0.6397    0.8926    0.7509    0.3457   0.05468   0.05064  0.001622
   275/499     5.41G   0.06596   0.05622  0.004678    0.1269        60       640    0.6397    0.8926    0.7509    0.3457   0.05468   0.05064  0.001622
   276/499     5.41G   0.06331    0.0557  0.004516    0.1235        42       640    0.6274    0.9623    0.7046    0.2514   0.05877    0.0513  0.001634
   277/499     5.41G   0.06725    0.0586   0.00524    0.1311        43       640    0.6258    0.8929    0.6646    0.3715   0.05494   0.05407  0.001588
   278/499     5.41G   0.06381   0.06096  0.005439    0.1302        74       640    0.6456    0.8175    0.6645    0.3538   0.05979   0.05138  0.001693
   279/499     5.41G    0.0634   0.05099  0.004465    0.1189        57       640    0.6456    0.8175    0.6645    0.3538   0.05979   0.05138  0.001693
   280/499     5.41G   0.05957    0.0617  0.004189    0.1255        73       640    0.6179    0.8157    0.6154    0.3329    0.0636   0.05246   0.00177
   281/499     5.41G   0.06522   0.06249  0.005212    0.1329        79       640    0.6033    0.8214    0.6079    0.3827   0.06311   0.05372  0.001839
   282/499     5.41G   0.06188   0.07084  0.003995    0.1367       130       640    0.6342    0.7857    0.6042    0.3402   0.06529   0.05304  0.001948
   283/499     5.41G   0.05875   0.06497  0.004336     0.128        85       640    0.6342    0.7857    0.6042    0.3402   0.06529   0.05304  0.001948
   284/499     5.41G   0.06633   0.06788  0.004151    0.1384        94       640    0.5668    0.7499    0.5774     0.302   0.06812   0.05175  0.002292
   285/499     5.41G   0.06727   0.06935  0.003936    0.1405       123       640    0.6087    0.8214    0.6226    0.2839    0.0646   0.05246  0.001956
   286/499     5.41G   0.06149   0.06549  0.004584    0.1316        93       640    0.6139    0.8214    0.6065    0.3533   0.06376   0.05323  0.001528
   287/499     5.41G   0.06139    0.0603  0.003935    0.1256        81       640    0.6139    0.8214    0.6065    0.3533   0.06376   0.05323  0.001528
   288/499     5.41G   0.06138   0.06483  0.005218    0.1314        72       640    0.5961    0.8571    0.5976    0.3053    0.0629     0.055   0.00116
   289/499     5.41G   0.06018   0.05658  0.004129    0.1209        77       640    0.6081    0.8537    0.6279     0.336   0.05923   0.05562  0.001249
   290/499     5.41G   0.06337   0.06157  0.004144    0.1291        94       640    0.4686    0.8929    0.6024     0.365   0.05439   0.06638  0.004774
   291/499     5.41G   0.05623   0.05238  0.003772    0.1124        56       640    0.4686    0.8929    0.6024     0.365   0.05439   0.06638  0.004774
   292/499     5.41G   0.06288   0.06809   0.00255    0.1335        74       640    0.1944    0.9969    0.3061    0.1627   0.05396   0.07724  0.008424
   293/499     5.41G   0.06307   0.05667  0.004638    0.1244        74       640    0.3413     0.871    0.4248    0.2587   0.04887   0.06977  0.009535
   294/499     5.41G   0.05759   0.06094   0.00382    0.1223        83       640    0.4476    0.8214      0.52    0.3233   0.06656   0.05637  0.007003
   295/499     5.41G   0.06306   0.05317  0.004066    0.1203        55       640    0.4476    0.8214      0.52    0.3233   0.06656   0.05637  0.007003
   296/499     5.41G   0.06599   0.05759  0.005295    0.1289        96       640    0.5643    0.8516    0.5658    0.4016   0.06951   0.05189  0.005013
   297/499     5.41G   0.06179   0.05909  0.004805    0.1257        91       640    0.7197    0.8571    0.7207    0.3403    0.0568   0.05095  0.001638
   298/499     5.41G   0.05974   0.05878  0.004639    0.1232        79       640    0.7492    0.8568    0.7208    0.4286   0.05949    0.0476  0.002162
   299/499     5.41G   0.05923   0.06394  0.005677    0.1288        66       640    0.7492    0.8568    0.7208    0.4286   0.05949    0.0476  0.002162
   300/499     5.41G   0.06074    0.0549  0.004098    0.1197        69       640    0.7403    0.8571    0.7353    0.4055   0.06067   0.04585  0.002531
   301/499     5.41G   0.06176   0.06314  0.004457    0.1294        84       640    0.7061    0.9286     0.744     0.325   0.05719   0.04639  0.002442
   302/499     5.41G    0.0605   0.05982   0.00773    0.1281        64       640    0.2564         1    0.5509     0.142   0.06001   0.04841  0.008102
   303/499     5.41G   0.05639   0.05127  0.003563    0.1112        53       640    0.2564         1    0.5509     0.142   0.06001   0.04841  0.008102
   304/499     5.41G   0.06164   0.06267  0.004714     0.129        89       640    0.7366    0.3209    0.3239    0.1007   0.06308   0.05069   0.01132
   305/499     5.41G   0.05616   0.06405  0.003669    0.1239       103       640    0.4019     0.875    0.4892     0.137   0.06459   0.05858  0.007418
   306/499     5.41G   0.06034   0.05242  0.005489    0.1182        86       640    0.5937         1    0.7054    0.2599   0.05636   0.05606  0.002671
   307/499     5.41G   0.06067   0.06392  0.004829    0.1294        98       640    0.5937         1    0.7054    0.2599   0.05636   0.05606  0.002671
   308/499     5.41G   0.05568   0.06007  0.003055    0.1188       105       640    0.5926    0.9643    0.6818    0.2504   0.05464   0.05535  0.002291
   309/499     5.41G   0.05833   0.05799  0.004217    0.1205        79       640     0.607    0.9286     0.695    0.2984     0.062    0.0531  0.002739
   310/499     5.41G    0.0577   0.05463  0.004325    0.1167        94       640    0.6214    0.8202    0.6293    0.3365    0.0591   0.05451  0.002219
   311/499     5.41G   0.05618   0.06021  0.003986    0.1204        66       640    0.6214    0.8202    0.6293    0.3365    0.0591   0.05454  0.002219
   312/499     5.41G    0.0606   0.06306  0.004137    0.1278        87       640     0.621    0.8571    0.6357    0.2555   0.05956   0.05563  0.001848
   313/499     5.41G   0.06158   0.06744  0.004445    0.1335        74       640    0.6065    0.8571    0.6726    0.4068   0.05569   0.04976  0.002226
   314/499     5.41G   0.05704   0.05059  0.004341     0.112        54       640    0.6429    0.8562    0.6734    0.4348   0.05317   0.04852   0.00363
   315/499     5.41G    0.0623   0.06128   0.00393    0.1275       108       640    0.6429    0.8562    0.6734    0.4348   0.05317   0.04852   0.00363
   316/499     5.41G   0.05735   0.06221  0.004513    0.1241       116       640    0.6282    0.8509    0.6749    0.4218   0.05432   0.04817  0.004116
   317/499     5.41G   0.05536   0.05941  0.004941    0.1197        71       640    0.6171    0.8381    0.6616     0.372   0.05588   0.04936  0.007317
   318/499     5.41G   0.05295   0.06257  0.003068    0.1186        80       640    0.6489    0.8036    0.6689    0.3246   0.05558   0.05087   0.00512
   319/499     5.41G   0.05944   0.07227  0.004084    0.1358       100       640    0.6489    0.8036    0.6689    0.3246   0.05558   0.05087   0.00512
   320/499     5.41G   0.05573   0.05881  0.004427     0.119        78       640    0.6351    0.8036    0.6606    0.2742   0.05769   0.05086    0.0047
   321/499     5.41G    0.0538   0.05664  0.003402    0.1138        58       640    0.6364    0.7811    0.6658    0.3741   0.05206   0.05187   0.00455
   322/499     5.41G   0.05779   0.05526  0.004529    0.1176        78       640    0.6333    0.8205    0.6657    0.3506   0.05463    0.0503  0.006712
   323/499     5.41G   0.05404   0.05123  0.003207    0.1085        71       640    0.6333    0.8205    0.6657    0.3506   0.05463    0.0503  0.006712
   324/499     5.41G   0.05534   0.06109  0.003628    0.1201       105       640    0.6211    0.8214    0.6248    0.3279    0.0533   0.05095    0.0067
   325/499     5.41G   0.05631   0.05799  0.006342    0.1206        70       640    0.6343    0.8214    0.6338    0.3365   0.05388   0.05203  0.005698
   326/499     5.41G   0.05666   0.06251  0.003657    0.1228       101       640     0.556    0.7496    0.6277    0.3931    0.0604   0.05365  0.001684
   327/499     5.41G   0.05674   0.06403  0.004226     0.125        95       640     0.556    0.7496    0.6277    0.3931    0.0604   0.05365  0.001684
   328/499     5.41G   0.05752   0.05373  0.002889    0.1141        85       640    0.5264    0.8214    0.6203    0.4172   0.06116   0.05774  0.001446
   329/499     5.41G   0.05406   0.05158  0.003109    0.1087        50       640    0.6114    0.9643    0.6983    0.3719   0.05814   0.05549 0.0009237
   330/499     5.41G   0.05927   0.05831  0.003678    0.1213        97       640    0.7113    0.8571     0.721    0.3302   0.05914   0.04984  0.002027
   331/499     5.41G   0.05721     0.054  0.003588    0.1148        93       640    0.7113    0.8571     0.721    0.3302   0.05914   0.04975  0.002027
   332/499     5.41G   0.05441   0.05383  0.002967    0.1112       109       640    0.6779    0.9643    0.7317    0.3043   0.05881   0.04692  0.002742
   333/499     5.41G   0.05811   0.05515  0.004846    0.1181       109       640    0.6848    0.9643    0.7666    0.3602   0.05341   0.04772  0.003203
   334/499     5.41G   0.05061   0.05239  0.005199    0.1082        78       640      0.63    0.9643    0.7535    0.2346   0.05878    0.0481  0.005149
   335/499     5.41G   0.05793   0.05786  0.003615    0.1194        62       640      0.63    0.9643    0.7535    0.2346   0.05878    0.0481  0.005149
   336/499     5.41G   0.05487   0.05322  0.003943     0.112        56       640    0.6068    0.9643    0.7491    0.2746   0.05916   0.04955  0.006121
   337/499     5.41G   0.05723   0.04887  0.004808    0.1109        59       640    0.6596    0.9643     0.737    0.3004   0.05494   0.05241   0.00433
   338/499     5.41G   0.05611   0.05012  0.003209    0.1094        63       640    0.6729    0.9643    0.6946    0.3012   0.05451   0.05378  0.004915
   339/499     5.41G   0.05554   0.05362  0.003525    0.1127        46       640    0.6729    0.9643    0.6946    0.3012   0.05451   0.05378  0.004915
   340/499     5.41G   0.05578   0.07492  0.004695    0.1354        85       640    0.6067    0.8571    0.6567    0.3331   0.05612   0.05392  0.006937
   341/499     5.41G    0.0565   0.06855  0.003032    0.1281       133       640    0.5674    0.8907    0.6519    0.3859   0.05319   0.05601  0.009381
   342/499     5.41G    0.0566   0.05689  0.003438    0.1169       107       640    0.6347     0.821    0.6618    0.3666   0.05984   0.05408  0.002691
   343/499     5.41G   0.05801   0.05415  0.003691    0.1159        84       640    0.6347     0.821    0.6618    0.3666   0.05984   0.05408  0.002691
   344/499     5.41G   0.05725   0.05981  0.002784    0.1198        68       640    0.6374    0.8211    0.6553     0.295   0.06223   0.05437   0.00158
   345/499     5.41G   0.05256   0.05251  0.003094    0.1082       121       640    0.6562    0.8213    0.6549    0.3608   0.05682   0.05464  0.001407
   346/499     5.41G   0.04909    0.0603  0.003091    0.1125        38       640    0.5421    0.8213    0.6134    0.3859   0.05739    0.0585  0.002071
   347/499     5.41G   0.05749   0.06749  0.004291    0.1293        84       640    0.5421    0.8213    0.6134    0.3859   0.05739    0.0585  0.002071
   348/499     5.41G   0.05883   0.05645  0.002853    0.1181        61       640     0.643    0.8207    0.6769    0.2759   0.05705   0.05817  0.002539
   349/499     5.41G   0.05661   0.05978  0.004062    0.1204        60       640    0.7038    0.8125    0.7044    0.3776   0.05273   0.05292  0.001388
   350/499     5.41G   0.05735   0.06019  0.002989    0.1205        64       640    0.7082    0.8214    0.7035    0.3075   0.06264    0.0552   0.00121
   351/499     5.41G   0.05816   0.05314   0.00369     0.115        89       640    0.7082    0.8214    0.7035    0.3075   0.06264    0.0552   0.00121
   352/499     5.41G   0.05596   0.05655  0.003076    0.1156       109       640    0.6875    0.8212    0.6971    0.2218   0.06514   0.05565  0.001127
   353/499     5.41G   0.05798   0.05594  0.004395    0.1183        76       640    0.7076     0.749    0.6881    0.3734   0.06251   0.05186 0.0009227
   354/499     5.41G   0.05549   0.05996  0.003068    0.1185        94       640    0.7089    0.7855    0.7114    0.4168   0.05191   0.05479  0.001103
   355/499     5.41G   0.05049   0.05406  0.004525    0.1091        69       640    0.7089    0.7855    0.7114    0.4168   0.05191   0.05479  0.001103
   356/499     5.41G   0.05608   0.05293  0.003899    0.1129        72       640    0.7115    0.7856    0.7166    0.3769   0.04934   0.05551  0.001121
   357/499     5.41G   0.05222   0.05206  0.003143    0.1074        58       640    0.6887    0.7857    0.6982    0.3845   0.05203   0.05256  0.001318
   358/499     5.41G   0.05505   0.05785  0.003353    0.1162       110       640    0.6547    0.7852    0.6749    0.4362   0.05376   0.04906  0.001511
   359/499     5.41G   0.05498   0.06818  0.004048    0.1272        94       640    0.6547    0.7852    0.6749    0.4362   0.05376   0.04906  0.001511
   360/499     5.41G    0.0571     0.061  0.002996    0.1211        89       640    0.5903    0.7857    0.6397    0.3402   0.05608   0.04877  0.002149
   361/499     5.41G   0.05212   0.05544  0.002302    0.1099        48       640     0.646    0.7857     0.651    0.4428   0.05156   0.05298  0.003377
   362/499     5.41G   0.05289    0.0544  0.005619    0.1129        54       640    0.6455    0.8214    0.6533     0.421   0.04779   0.05411  0.004518
   363/499     5.41G   0.05839    0.0669  0.004671      0.13       126       640    0.6455    0.8214    0.6533     0.421   0.04779   0.05411  0.004518
   364/499     5.41G   0.04786   0.05582  0.004308     0.108        47       640     0.616    0.8088    0.6513    0.3825   0.04786   0.05532  0.005299
   365/499     5.41G   0.05374   0.06067  0.005582      0.12        58       640    0.5121    0.8571    0.5959    0.4194   0.04926    0.0529  0.007659
   366/499     5.41G   0.05448   0.04952  0.004599    0.1086        73       640      0.65     0.819    0.6704    0.3712   0.05269   0.05152  0.003425
   367/499     5.41G   0.05651    0.0554  0.004185    0.1161       106       640      0.65     0.819    0.6704    0.3712   0.05269   0.05152  0.003425
   368/499     5.41G   0.05094   0.05404  0.002986     0.108        62       640    0.6874    0.8214    0.6738    0.3445   0.05377   0.05227  0.002053
   369/499     5.41G   0.05236   0.04846  0.004278    0.1051        46       640    0.6913    0.8214    0.6913    0.4233   0.05489   0.05371   0.00142
   370/499     5.41G   0.05121   0.05444  0.003018    0.1087        76       640     0.686    0.8214    0.6986    0.4188   0.05383    0.0531  0.001099
   371/499     5.41G   0.05302   0.05471  0.004187    0.1119       101       640     0.686    0.8214    0.6986    0.4188   0.05383    0.0531  0.001099
   372/499     5.41G   0.05439   0.05394  0.003454    0.1118        87       640     0.695    0.8214    0.6963    0.4336   0.05481   0.05359 0.0009892
   373/499     5.41G   0.05035   0.05624  0.004537    0.1111        79       640     0.687     0.821     0.688    0.4379    0.0489   0.05521  0.001087
   374/499     5.41G   0.05295   0.05926  0.003766     0.116       103       640    0.6882    0.7859    0.6904    0.3714   0.05146   0.05489   0.00115
   375/499     5.41G   0.05065   0.05362   0.00337    0.1076        51       640    0.6882    0.7859    0.6904    0.3714   0.05146   0.05489   0.00115
   376/499     5.41G   0.05179   0.06291  0.003464    0.1182       119       640    0.6455    0.7857    0.6575    0.3498   0.05374     0.057  0.001212
   377/499     5.41G   0.04849   0.04998  0.002955    0.1014        46       640    0.6567    0.7857     0.705    0.3453   0.05368   0.05807  0.001454
   378/499     5.41G   0.04819   0.05315   0.00277    0.1041        54       640    0.6739    0.8214    0.7209    0.3858   0.04708    0.0596  0.002549
   379/499     5.41G   0.05593   0.05028  0.004448    0.1107       109       640    0.6739    0.8214    0.7209    0.3858   0.04708    0.0596  0.002549
   380/499     5.41G   0.05126   0.05297  0.002992    0.1072        67       640    0.6322    0.8571    0.7077    0.3736   0.04714   0.06148  0.005618
   381/499     5.41G   0.05172   0.05792  0.004346     0.114        84       640    0.6178    0.8571    0.6904    0.3732   0.04996   0.06222   0.00754
   382/499     5.41G   0.04615   0.05591  0.002551    0.1046        76       640    0.6265    0.9286    0.7023    0.4007   0.05732   0.06051  0.008674
   383/499     5.41G   0.05191   0.06085  0.003884    0.1167        93       640    0.6265    0.9286    0.7023    0.4007   0.05732   0.06056  0.008674
   384/499     5.41G   0.05237   0.05902  0.001877    0.1133        58       640    0.6194    0.9273    0.7035    0.3713   0.06194   0.05887  0.008285
   385/499     5.41G   0.04847   0.05393  0.003361    0.1058       106       640    0.6617    0.9279    0.6654    0.3147   0.05212   0.05821  0.007083
   386/499     5.41G    0.0484   0.05307  0.002436    0.1039        76       640     0.704    0.8571    0.7131    0.4191   0.05584    0.0557  0.003367
   387/499     5.41G   0.05007   0.05718  0.003147    0.1104        79       640     0.704    0.8571    0.7131    0.4191   0.05584   0.05565  0.003367
   388/499     5.41G   0.05352   0.05064  0.004525    0.1087        64       640    0.7088    0.8567    0.7225    0.4597   0.05648   0.05454  0.001685
   389/499     5.41G   0.04787   0.05881  0.002731    0.1094        62       640    0.6948    0.8571    0.7198    0.4627   0.05394     0.056  0.001265
   390/499     5.41G   0.05089   0.04968  0.002849    0.1034        78       640     0.637    0.8929    0.7255    0.4747    0.0517   0.05437  0.001278
   391/499     5.41G   0.05091    0.0531  0.003204    0.1072       102       640     0.637    0.8929    0.7255    0.4747    0.0517   0.05437  0.001278
   392/499     5.41G   0.05649    0.0538  0.005498    0.1158        49       640    0.6517    0.8926    0.7313    0.4868   0.05006   0.05452  0.001503
   393/499     5.41G   0.04815   0.05962  0.003764    0.1115        61       640    0.6674    0.8571    0.7229     0.475   0.04596   0.05591  0.001378
   394/499     5.41G   0.04974   0.04816  0.001856   0.09976        57       640    0.6502    0.8571    0.6915    0.3593   0.05489   0.05351  0.001526
   395/499     5.41G   0.05093   0.05657  0.003021    0.1105        56       640    0.6502    0.8571    0.6915    0.3593   0.05489   0.05351  0.001526
   396/499     5.41G   0.05128   0.05811  0.002395    0.1118        58       640    0.5992    0.9286    0.6775    0.3146   0.05748   0.05299  0.001704
   397/499     5.41G   0.05051   0.05477  0.003682     0.109        95       640    0.6148    0.9643    0.7047    0.4006   0.05119   0.05405  0.002249
   398/499     5.41G   0.04762   0.05554  0.002328    0.1055        73       640     0.685    0.8531    0.7177    0.4426   0.04505   0.05536  0.003477
   399/499     5.41G   0.05179   0.05816  0.003195    0.1131        76       640     0.685    0.8531    0.7177    0.4426   0.04505   0.05536  0.003477
   400/499     5.41G   0.05217   0.05597  0.002774    0.1109        99       640     0.609    0.9598    0.7015    0.4239   0.04493   0.05488   0.00432
   401/499     5.41G   0.04726   0.05076  0.001759   0.09977        48       640    0.6404    0.8177    0.6938    0.4312   0.04659   0.05377  0.004227
   402/499     5.41G   0.04901   0.05605  0.004098    0.1092        70       640    0.6399    0.8214    0.6654    0.3657   0.05044    0.0544  0.004891
   403/499     5.41G   0.04392   0.04616  0.003228    0.0933        75       640    0.6399    0.8214    0.6654    0.3657   0.05044    0.0544  0.004891
   404/499     5.41G   0.05286    0.0496  0.002748    0.1052        67       640    0.6143      0.75    0.6428    0.2915   0.05419    0.0565  0.004367
   405/499     5.41G   0.05198   0.05613   0.00386     0.112       139       640    0.6027      0.75    0.6479    0.3457   0.05184   0.05832  0.002921
   406/499     5.41G   0.04852   0.04747  0.004177    0.1002        98       640    0.5666      0.75    0.6212    0.3787   0.04984   0.06018  0.002291
   407/499     5.41G   0.04723   0.05046  0.003015    0.1007        71       640    0.5666      0.75    0.6212    0.3787   0.04984   0.06018  0.002291
   408/499     5.41G   0.05184   0.04446  0.002145   0.09845        62       640    0.5711    0.6786    0.5944    0.3037   0.05298   0.06116  0.002199
   409/499     5.41G   0.05102   0.04988  0.003414    0.1043        80       640    0.6334    0.6785    0.5997    0.3329   0.05404   0.06017  0.002279
   410/499     5.41G   0.05308   0.05756  0.002365     0.113        76       640    0.6234    0.6786    0.6114    0.3599   0.05371   0.05948  0.002311
   411/499     5.41G    0.0457    0.0544  0.002767    0.1029        72       640    0.6234    0.6786    0.6114    0.3599   0.05371   0.05948  0.002311
   412/499     5.41G   0.04855   0.05378  0.002597    0.1049        54       640    0.6082    0.6786    0.5943    0.3296    0.0558   0.05953  0.002184
   413/499     5.41G   0.05022   0.05333  0.003745    0.1073        77       640     0.641      0.75    0.6276     0.383   0.05421   0.05936  0.002012
   414/499     5.41G   0.04682   0.05248  0.002303    0.1016        77       640    0.6684    0.7499    0.6348    0.3745   0.04917   0.06177  0.001651
   415/499     5.41G   0.04758   0.06171  0.003533    0.1128        88       640    0.6684    0.7499    0.6348    0.3745   0.04917   0.06177  0.001651
   416/499     5.41G   0.04689   0.05821   0.00219    0.1073        91       640    0.6232    0.8214    0.6733    0.3793   0.04854   0.06225  0.001635
   417/499     5.41G      0.05   0.05766  0.003558    0.1112        66       640    0.6223    0.8213    0.6739     0.367   0.05173   0.06211  0.002021
   418/499     5.41G   0.04716   0.04651  0.003414   0.09708        70       640    0.6072    0.7497    0.6172    0.3485   0.05043   0.05796   0.00294
   419/499     5.41G   0.04877   0.05586  0.003456    0.1081        71       640    0.6072    0.7497    0.6172    0.3485   0.05043   0.05796   0.00294
   420/499     5.41G   0.04747   0.05026  0.002478    0.1002        90       640    0.5947    0.6429    0.6199    0.3639   0.04977   0.05679  0.003777
   421/499     5.41G   0.04614      0.06  0.004464    0.1106        68       640    0.5426    0.8208    0.5764    0.3674   0.04961   0.05543  0.006309
   422/499     5.41G   0.04625   0.04856  0.003353   0.09816        92       640    0.5312    0.8214    0.5283    0.3413    0.0486    0.0542  0.008056
   423/499     5.41G   0.04634   0.05274  0.002646    0.1017        57       640    0.5312    0.8214    0.5283    0.3413    0.0486   0.05407  0.008056
   424/499     5.41G   0.04895   0.05096   0.00355    0.1035        38       640     0.628    0.8214     0.642    0.4298   0.05004   0.05311  0.009758
   425/499     5.41G    0.0451   0.04765  0.002163   0.09492        56       640    0.5246    0.8214    0.5875    0.3968   0.04913   0.05264   0.01012
   426/499     5.41G    0.0456   0.04882  0.003088   0.09751        79       640    0.4614    0.9286    0.5211    0.3148   0.05027   0.05261   0.01123
   427/499     5.41G   0.05191   0.05091  0.003462    0.1063        54       640    0.4614    0.9286    0.5211    0.3148   0.05027   0.05261   0.01123
   428/499     5.41G   0.04838   0.05479  0.002594    0.1058       136       640    0.4228    0.9983    0.5089    0.3127   0.05188   0.05442   0.01195
   429/499     5.41G   0.04413   0.05222  0.002953    0.0993        83       640    0.4899    0.8036      0.51    0.3362   0.05022   0.05557  0.009489
   430/499     5.41G   0.05024   0.05664  0.002981    0.1099       101       640    0.5033    0.9625    0.6129    0.3871   0.05061   0.05974   0.00942
   431/499     5.41G   0.04851   0.05223    0.0027    0.1034        65       640    0.5033    0.9625    0.6129    0.3871   0.05061   0.05974   0.00942
   432/499     5.41G   0.04214   0.05198  0.002461   0.09658        73       640     0.645    0.7679    0.6551    0.4193   0.05079   0.06212  0.006582
   433/499     5.41G   0.04634   0.05617     0.004    0.1065        73       640    0.6668    0.8764    0.6937    0.4343   0.04817   0.06327  0.003921
   434/499     5.41G   0.04789   0.05209  0.003963    0.1039       116       640    0.6575    0.8214    0.6764    0.4465   0.04832   0.06032  0.003179
   435/499     5.41G   0.04658   0.04381  0.006901    0.0973        28       640    0.6575    0.8214    0.6764    0.4465   0.04832   0.06032  0.003179
   436/499     5.41G   0.04294   0.05089  0.002073    0.0959        55       640    0.6427    0.8929    0.6851    0.4734   0.04786   0.05866  0.003017
   437/499     5.41G   0.04635   0.04911  0.003462   0.09892        46       640    0.6553    0.8929    0.6664    0.4433   0.04567   0.05771  0.003376
   438/499     5.41G    0.0469   0.05281  0.002067    0.1018        61       640    0.6419    0.8929    0.6609    0.4686   0.04719   0.05801  0.003451
   439/499     5.41G   0.04606   0.05543  0.001849    0.1033        83       640    0.6419    0.8929    0.6609    0.4686   0.04719   0.05801  0.003451
   440/499     5.41G   0.04639   0.05307  0.002617    0.1021        76       640    0.6411    0.8923    0.6633    0.4627   0.04835   0.05902  0.003464
   441/499     5.41G    0.0454   0.05108  0.003095   0.09957        44       640    0.6677    0.8929    0.6905    0.4952   0.04732   0.05915  0.005436
   442/499     5.41G   0.04431    0.0528  0.002222   0.09934       106       640    0.6545    0.9643    0.6902    0.4407   0.04843   0.05772  0.007709
   443/499     5.41G    0.0472   0.04877  0.003065   0.09903        50       640    0.6545    0.9643    0.6902    0.4407   0.04843   0.05761  0.007709
   444/499     5.41G   0.04994   0.05249   0.00198    0.1044        86       640    0.6177    0.9635    0.6823    0.4103   0.04988    0.0571  0.008646
   445/499     5.41G   0.04751    0.0526  0.002582    0.1027        41       640    0.6061    0.8374    0.6585    0.4184   0.04879   0.05657   0.01018
   446/499     5.41G   0.04324   0.05446  0.003535    0.1012        84       640    0.4882    0.9624    0.6163    0.3657   0.04995   0.05736   0.01047
   447/499     5.41G   0.05043   0.05133  0.003697    0.1055        98       640    0.4882    0.9624    0.6163    0.3657   0.04995   0.05736   0.01047
   448/499     5.41G   0.04587   0.04956  0.001836   0.09727        45       640    0.4877    0.9643    0.5934    0.3091   0.05105   0.05834    0.0111
   449/499     5.41G   0.04747   0.05156  0.004165    0.1032        58       640    0.3786    0.9642    0.5019    0.2314     0.054   0.05941   0.01065
   450/499     5.41G   0.04454   0.04941  0.002615   0.09657        73       640    0.4442    0.8571    0.5249    0.3359   0.05185   0.05978  0.006982
   451/499     5.41G   0.04638   0.04883  0.003286    0.0985        53       640    0.4442    0.8571    0.5249    0.3359   0.05185   0.05978  0.006982
   452/499     5.41G   0.04599   0.04929  0.002984   0.09826        61       640     0.455    0.8567    0.5318    0.3618   0.05249   0.06085  0.005293
   453/499     5.41G   0.05276   0.05142  0.004385    0.1086        48       640    0.5652    0.6066    0.6333    0.4661   0.05287   0.06225  0.002842
   454/499     5.41G   0.04567   0.04779  0.002625   0.09608        72       640     0.591    0.6071    0.6158    0.4316   0.05747   0.06102  0.002051
   455/499     5.41G   0.04681   0.05704  0.002223    0.1061       115       640     0.591    0.6071    0.6158    0.4316   0.05747   0.06102  0.002051
   456/499     5.41G    0.0485   0.04762  0.002785   0.09891       102       640    0.5721    0.6071    0.5967    0.4148   0.05966   0.06073  0.001881
   457/499     5.41G   0.04837   0.05495  0.003693     0.107        62       640    0.5925    0.6071    0.5975    0.4401   0.05714   0.06191  0.001872
   458/499     5.41G   0.04497   0.04809  0.002296   0.09536        58       640    0.5934    0.6071    0.6411    0.4625   0.05312   0.06095  0.001912
   459/499     5.41G   0.04397   0.04919   0.00376   0.09693        97       640    0.5934    0.6071    0.6411    0.4625   0.05312   0.06095  0.001912
   460/499     5.41G   0.04697   0.05156  0.002874    0.1014        90       640    0.5981      0.75    0.6474    0.4566   0.05116   0.06187  0.002563
   461/499     5.41G   0.04561   0.05473  0.002315    0.1027       102       640    0.5496    0.7857    0.6004    0.4212   0.05387    0.0631  0.003092
   462/499     5.41G   0.04437   0.04946  0.002103   0.09594        56       640    0.6474    0.7857    0.6278    0.4004   0.04994   0.06442  0.003043
   463/499     5.41G    0.0466   0.06169  0.002404    0.1107       156       640    0.6474    0.7857    0.6278    0.4004   0.04994   0.06442  0.003043
   464/499     5.41G   0.04972   0.05456   0.00309    0.1074        73       640    0.6525    0.7492    0.6328    0.3795   0.04841   0.06494  0.002944
   465/499     5.41G   0.04512   0.05273  0.002353    0.1002        63       640     0.647    0.7143     0.623    0.4336   0.04768   0.06449  0.002978
   466/499     5.41G   0.04315   0.04666   0.00185   0.09165        45       640     0.572    0.7143    0.6127    0.4264   0.05109   0.06136  0.003083
   467/499     5.41G   0.04682   0.04832  0.002608   0.09775       140       640     0.572    0.7143    0.6127    0.4264   0.05109   0.06136  0.003083
   468/499     5.41G   0.04928   0.05382  0.002194    0.1053       121       640     0.581    0.7134    0.6098     0.456   0.05304   0.06014  0.002877
   469/499     5.41G   0.04616   0.05459  0.002843    0.1036        84       640    0.6485    0.7857    0.6356    0.4616   0.05083     0.059  0.003364
   470/499     5.41G   0.04391   0.04397  0.001989   0.08986        96       640    0.6404    0.7857    0.6427    0.3987   0.04841   0.05915  0.001995
   471/499     5.41G   0.04313   0.05026    0.0028   0.09618        61       640    0.6404    0.7857    0.6427    0.3987   0.04841   0.05898  0.001995
   472/499     5.41G    0.0465   0.05477  0.002219    0.1035        80       640    0.6345    0.7852    0.6465     0.378   0.04836   0.05847  0.001722
   473/499     5.41G   0.04418   0.05336  0.002023   0.09956        82       640    0.6547    0.7857     0.656    0.3891   0.05024   0.05857  0.001845
   474/499     5.41G   0.04201   0.04544    0.0025   0.08995        71       640    0.6963    0.7856    0.6908    0.4111   0.05041   0.05873  0.002184
   475/499     5.41G   0.04029   0.05276  0.002811   0.09587        89       640    0.6963    0.7856    0.6908    0.4111   0.05041   0.05873  0.002184
   476/499     5.41G   0.04459   0.05938  0.002853    0.1068       103       640    0.6834    0.8214    0.7096    0.4268   0.05103   0.05944  0.002379
   477/499     5.41G   0.04188    0.0593  0.002384    0.1036       117       640     0.681    0.8214    0.6887    0.4289   0.05122   0.06188  0.002678
   478/499     5.41G   0.04399   0.05133  0.003244   0.09856        66       640    0.6721      0.75     0.657    0.3495   0.05247    0.0596  0.001786
   479/499     5.41G   0.04118   0.04903  0.002085    0.0923        80       640    0.6721      0.75     0.657    0.3495   0.05247   0.05946  0.001786
   480/499     5.41G   0.04202   0.05122  0.002403   0.09563        91       640    0.6065      0.75    0.6364    0.3119   0.05291   0.06089  0.001685
   481/499     5.41G   0.04538   0.04348  0.002525   0.09139        59       640    0.6227    0.6287    0.6247    0.3062   0.05297   0.06366  0.001435
   482/499     5.41G   0.04326   0.04696   0.00245   0.09267        48       640    0.5277    0.8568    0.6384    0.3195   0.05274   0.06555  0.001438
   483/499     5.41G   0.04376   0.05225  0.002601   0.09862        95       640    0.5277    0.8568    0.6384    0.3195   0.05274   0.06555  0.001438
   484/499     5.41G   0.04376   0.05205  0.002272   0.09808        75       640     0.619      0.75    0.6372    0.3427   0.05388   0.06521   0.00142
   485/499     5.41G   0.04457   0.05255  0.001959   0.09908        91       640    0.6606    0.7857    0.6561     0.352   0.05346   0.06422  0.001527
   486/499     5.41G   0.04543   0.05006  0.002575   0.09807        77       640    0.6565    0.7857    0.6674    0.3851   0.05336   0.06249  0.001599
   487/499     5.41G   0.04267   0.04472   0.00306   0.09046        85       640    0.6565    0.7857    0.6674    0.3851   0.05336   0.06249  0.001599
   488/499     5.41G   0.04067   0.05574  0.002349   0.09876        52       640    0.6664    0.7853    0.7003    0.4154    0.0518   0.06246   0.00183
   489/499     5.41G   0.04165   0.04688  0.002945   0.09148       104       640    0.6467      0.75    0.6926    0.4135   0.04986   0.06052  0.002196
   490/499     5.41G   0.04488   0.05409  0.003589    0.1026        73       640    0.5029    0.9643     0.595    0.4125   0.04727   0.05873  0.005657
   491/499     5.41G   0.04247   0.04558  0.001988   0.09004        73       640    0.5029    0.9643     0.595    0.4125   0.04727   0.05873  0.005657
   492/499     5.41G    0.0458   0.05397  0.003706    0.1035        97       640    0.4252    0.9643    0.4845    0.3018   0.04629   0.05843  0.008325
   493/499     5.41G    0.0451   0.05129  0.002022   0.09841        79       640    0.4343    0.9635    0.4947    0.3033   0.04432   0.05869  0.007751
   494/499     5.41G   0.04253   0.05371  0.001779   0.09802       133       640    0.5039    0.9643    0.5633    0.3628   0.04521   0.05855   0.00554
   495/499     5.41G   0.04488   0.04917  0.003823   0.09787       109       640    0.5039    0.9643    0.5633    0.3628   0.04521   0.05855   0.00554
   496/499     5.41G   0.04121   0.04391  0.002385   0.08751        79       640     0.704    0.8365    0.6696    0.4178   0.04532    0.0568  0.004286
   497/499     5.41G   0.04128   0.04921  0.001805   0.09229        80       640    0.6729    0.7547    0.6528    0.4538   0.04557   0.05778  0.004355
   498/499     5.41G   0.04657    0.0494  0.001458   0.09742        86       640    0.5611    0.8571    0.6593    0.4207   0.04697   0.05738  0.004136
   499/499     5.41G   0.04451   0.05447   0.00226    0.1012        89       640    0.5611    0.8571    0.6593    0.4207   0.04697   0.05738  0.004136
