0 0.230469 0.295833 0.051562 0.262500
0 0.325000 0.290625 0.043750 0.256250
0 0.368750 0.296875 0.043750 0.256250
0 0.446875 0.301042 0.043750 0.272917
0 0.493750 0.297917 0.050000 0.270833
0 0.540625 0.296875 0.050000 0.268750
0 0.589844 0.293750 0.048438 0.275000
0 0.636719 0.301042 0.048438 0.272917
0 0.683594 0.293750 0.051562 0.275000
0 0.730469 0.293750 0.051562 0.275000
0 0.777344 0.294792 0.051562 0.277083
1 0.828125 0.296875 0.050000 0.281250
1 0.876563 0.290625 0.050000 0.281250
1 0.925000 0.290625 0.050000 0.281250
1 0.968750 0.297917 0.050000 0.279167
