0 0.509375 0.257292 0.046875 0.197917
0 0.550000 0.255208 0.046875 0.197917
0 0.544531 0.463542 0.045312 0.181250
0 0.501563 0.467708 0.046875 0.181250
0 0.550000 0.663542 0.046875 0.181250
0 0.507031 0.664583 0.045312 0.175000
0 0.521875 0.839583 0.043750 0.133333
0 0.564063 0.835417 0.034375 0.145833
0 0.234375 0.463542 0.046875 0.189583
0 0.192969 0.462500 0.042188 0.183333
0 0.210938 0.660417 0.040625 0.179167
0 0.250781 0.659375 0.039062 0.177083
0 0.233594 0.251042 0.048438 0.206250
0 0.193750 0.252083 0.040625 0.204167
0 0.257812 0.832292 0.043750 0.139583
0 0.218750 0.834375 0.034375 0.139583
