1 0.678125 0.267708 0.034375 0.152083
1 0.709375 0.264583 0.034375 0.150000
1 0.742188 0.264583 0.034375 0.150000
1 0.773438 0.265625 0.034375 0.152083
1 0.804688 0.264583 0.034375 0.150000
1 0.837500 0.265625 0.034375 0.152083
1 0.834375 0.263542 0.034375 0.152083
0 0.646094 0.270833 0.032813 0.150000
0 0.517969 0.271875 0.032813 0.152083
0 0.549219 0.269792 0.032813 0.152083
0 0.581250 0.269792 0.034375 0.152083
0 0.612500 0.269792 0.034375 0.152083
0 0.421875 0.268750 0.034375 0.150000
0 0.454688 0.268750 0.034375 0.150000
0 0.485938 0.268750 0.034375 0.150000
0 0.340625 0.268750 0.034375 0.150000
0 0.368750 0.268750 0.034375 0.150000
0 0.275000 0.267708 0.034375 0.152083
0 0.262500 0.090625 0.034375 0.152083
0 0.325000 0.089583 0.034375 0.150000
0 0.293750 0.090625 0.034375 0.152083
0 0.393750 0.092708 0.031250 0.156250
0 0.425000 0.091667 0.034375 0.154167
0 0.459375 0.091667 0.034375 0.154167
0 0.631250 0.092708 0.034375 0.156250
0 0.596875 0.086458 0.034375 0.156250
0 0.565625 0.091667 0.034375 0.154167
0 0.531250 0.088542 0.034375 0.156250
