1 0.743750 0.259375 0.034375 0.156250
1 0.777344 0.266667 0.035937 0.154167
1 0.807813 0.265625 0.031250 0.156250
1 0.839844 0.265625 0.032813 0.156250
1 0.677344 0.265625 0.032813 0.156250
1 0.708594 0.259375 0.032813 0.156250
0 0.643750 0.269792 0.034375 0.152083
0 0.514844 0.267708 0.032813 0.152083
0 0.546094 0.267708 0.032813 0.152083
0 0.580469 0.269792 0.032813 0.152083
0 0.610938 0.265625 0.034375 0.156250
0 0.418750 0.269792 0.034375 0.152083
0 0.453125 0.267708 0.034375 0.152083
0 0.484375 0.267708 0.034375 0.152083
0 0.527344 0.094792 0.035937 0.152083
0 0.562500 0.085417 0.034375 0.150000
0 0.596875 0.085417 0.034375 0.150000
0 0.628125 0.087500 0.034375 0.150000
0 0.625000 0.088542 0.034375 0.152083
0 0.456250 0.087500 0.034375 0.150000
0 0.421875 0.094792 0.034375 0.152083
0 0.387500 0.094792 0.034375 0.152083
0 0.325000 0.094792 0.034375 0.152083
0 0.262500 0.087500 0.034375 0.150000
0 0.293750 0.094792 0.034375 0.152083
0 0.368750 0.265625 0.034375 0.143750
0 0.337500 0.265625 0.034375 0.143750
0 0.274219 0.266667 0.032813 0.141667
