0 0.226033 0.257888 0.047107 0.231796
0 0.488430 0.260316 0.047934 0.241505
0 0.440496 0.259709 0.051240 0.242718
0 0.320661 0.259102 0.042975 0.224515
0 0.365289 0.257888 0.042975 0.234223
0 0.537190 0.259102 0.047934 0.241505
0 0.584298 0.259102 0.047934 0.241505
0 0.633058 0.260316 0.047934 0.241505
0 0.680165 0.259102 0.047934 0.241505
0 0.774380 0.260316 0.047934 0.241505
0 0.726446 0.255461 0.047934 0.241505
1 0.821901 0.254854 0.047107 0.237864
1 0.869421 0.257282 0.047934 0.245146
1 0.916116 0.255461 0.050413 0.241505
1 0.963223 0.259709 0.048760 0.240291
